1;332.9996663329995;83.5001668335
2;4.817016075768205;32.89056927137275
3;4.817016075768205;20.23842013191613
4;0.7654051306294146;14.615428108746551
5;0.7654051306294146;11.452641077432459
6;0.240323276126386;9.428577500758589
7;0.240323276126386;8.023079752641202
8;0.1036428647969665;6.990557691046787
9;0.1036428647969665;6.200111196668384
10;0.0536259448306133;5.575630915694349
11;0.0536259448306133;5.069865292401652
12;0.0312128452064904;4.651935091565648
13;0.0312128452064904;4.3008109344885845
14;0.019723849504480306;4.001677589977755
15;0.019723849504480306;3.74379736525926
16;0.01324242618981694;3.519198054080459
17;0.01324242618981694;3.321836733545597
18;0.009314016111554007;3.147049594832869
19;0.009314016111554007;2.991179841681121
20;0.006796499717027871;2.851319872805874
21;0.006796499717027871;2.725128799759533
22;0.005109632608113523;2.6107008149936695
23;0.005109632608113523;2.5064686149003865
24;0.003937396296349712;2.4111314508266797
25;0.003937396296349712;2.3236007806666428
26;0.0030976809898639115;2.2429586952709073
27;0.0030976809898639115;2.1684257489014636
28;0.0024805181613351767;2.099335802403041
29;0.0024805181613351767;2.0351161582872512
30;0.0020168335748262183;1.9752717331168141
31;0.0020168335748262183;1.919372341349074
32;0.0016617547058463055;1.8670423997275556
33;0.0016617547058463055;1.8179525312426525
34;0.0013852707648492825;1.7718126720005338
35;0.0013852707648492825;1.728366376252945
36;0.0011667942930556716;1.687386083469794
37;0.0011667942930556716;1.648669163055474
38;0.0009918828410992548;1.6120345916248993
39;0.0009918828410992548;1.5773201478853411
40;0.0008502016792095593;1.5443800334395337
41;0.0008502016792095593;1.513082845926911
42;0.0007342231462862316;1.4833098450975037
43;0.0007342231462862316;1.454953463590317
44;0.0006383760820983885;1.427916023053456
45;0.0006383760820983885;1.4021086233169613
46;0.0005584774622269395;1.3774501780041017
47;0.0005584774622269395;1.3538665745439855
48;0.00049134513721633;1.3312899402585914
49;0.00049134513721633;1.3096579992190867
50;0.00043452926534058133;1.2889135070392
51;0.00043452926534058133;1.2690037528055305
52;0.0003861230363995791;1.2498801190218178
53;0.0003861230363995791;1.231497691834004
54;0.0003446272962946048;1.213814914958923
55;0.0003446272962946048;1.1967932817046765
56;0.000308852402887997;1.1803970602794245
57;0.000308852402887997;1.1645930482652913
58;0.0002778461798595175;1.1493503527076179
59;0.0002778461798595175;1.1346401927551106
60;0.0002508404144710189;1.1204357221983596
61;0.0002508404144710189;1.106711869604907
62;0.0002272106983454284;1.0934451940483485
63;0.0002272106983454284;1.0806137546852805
64;0.00020644598174728596;1.0681969926538066
65;0.00020644598174728596;1.0561756239566067
66;0.0001881252764120952;1.0445315421548655
67;0.0001881252764120952;1.0332477298404705
68;0.00017189967292181136;1.0223081779762984
69;0.00017189967292181136;1.0116978123006484
70;0.00015747834683354993;1.0014024260844847
71;0.00015747834683354993;0.9914086186107338
72;0.00014461758527415362;0.981703738815558
73;0.00014461758527415362;0.9722758335932562
74;0.0001331121199787631;0.9631136003206984
75;0.0001331121199787631;0.9542063432048749
76;0.00012278823546368542;0.9455439330991505
77;0.00012278823546368542;0.9371167704708586
78;0.00011349825359760948;0.9289157512356186
79;0.00011349825359760948;0.9209322352027983
80;0.00010511609291237913;0.913158016902231
81;0.00010511609291237913;0.905585298585106
82;9.753367269539197e-05;0.8982066652123761
83;9.753367269539197e-05;0.8910150612620119
84;9.065798529792716e-05;0.884003769202649
85;9.065798529792716e-05;0.8771663894956283
86;8.440870016076896e-05;0.8704968220002556
87;8.440870016076896e-05;0.8639892486688034
88;7.871619334741693e-05;0.8576381174280031
89;7.871619334741693e-05;0.8514381271532776
90;7.351991943248907e-05;0.8453842136501796
91;7.351991943248907e-05;0.8394715365651853
92;6.876706026169795e-05;0.833695467154735
93;6.876706026169795e-05;0.8280515768475666
94;6.441139872526459e-05;0.8225356265409842
95;6.441139872526459e-05;0.8171435565766664
96;6.041237625737834e-05;0.8118714773462326
97;6.041237625737834e-05;0.8067156604808872
98;5.673430102256642e-05;0.8016725305831935
99;5.673430102256642e-05;0.7967386574624798
100;5.3345680221087795e-05;0.7919107488384175
101;5.3345680221087795e-05;0.7871856434801913
102;5.021865504954473e-05;0.7825603047512172
103;5.021865504954473e-05;0.778031814531695
104;4.732852089873273e-05;0.7735973674934654
105;4.732852089873273e-05;0.7692542657035729
106;4.4653318593313814e-05;0.7649999135347011
107;4.4653318593313814e-05;0.7608318128623447
108;4.217348505664968e-05;0.756747558530027
109;4.217348505664968e-05;0.7527448340652739
110;3.98715538567717e-05;0.7488214076303256
111;3.98715538567717e-05;0.744975128192697
112;3.7731897762554254e-05;0.7412039219018093
113;3.7731897762554254e-05;0.7375057886588462
114;3.574050679517515e-05;0.7338787988679486
115;3.574050679517515e-05;0.7303210903576263
116;3.388479636337458e-05;0.7268308654620936
117;3.388479636337458e-05;0.723406388252935
118;3.215344097234078e-05;0.7200459819121015
119;3.215344097234078e-05;0.7167480262379254
120;3.053622973490551e-05;0.7135109552763521
121;3.053622973490551e-05;0.7103332550701178
122;2.9023940521688403e-05;0.7072134615190615
123;2.9023940521688403e-05;0.7041501583452434
124;2.7608230088611386e-05;0.7011419751569317
125;2.7608230088611386e-05;0.6981875856058595
126;2.628153793587544e-05;0.6952857056326051
127;2.628153793587544e-05;0.6924350917951791
128;2.5037001997805483e-05;0.6896345396762641
129;2.5037001997805483e-05;0.6868828823648242
130;2.386838455083212e-05;0.6841789890080708
131;2.386838455083212e-05;0.6815217634299784
132;2.2770006967433202e-05;0.6789101428128651
133;2.2770006967433202e-05;0.6763430964386483
134;2.1736692145609734e-05;0.6738196244866779
135;2.1736692145609734e-05;0.6713387568852034
136;2.076371361295693e-05;0.6688995522136865
137;2.076371361295693e-05;0.6665010966533726
138;1.984675044740182e-05;0.6641425029836427
139;1.984675044740182e-05;0.6618229096218644
140;1.898184727742058e-05;0.6595414797045097
141;1.898184727742058e-05;0.6572974002075307
142;1.816537872690645e-05;0.6550898811040409
143;1.816537872690645e-05;0.652918154557435
144;1.739401775681803e-05;0.6507814741482743
145;1.739401775681803e-05;0.6486791141332497
146;1.666470742973564e-05;0.6466103687347228
147;1.666470742973564e-05;0.6445745514593397
148;1.5974635686611446e-05;0.6425709944443891
149;1.5974635686611446e-05;0.6405990478305477
150;1.5321212779040516e-05;0.6386580791598137
151;1.5321212779040516e-05;0.6367474727974283
152;1.4702051046685653e-05;0.6348666293767102
153;1.4702051046685653e-05;0.6330149652657115
154;1.411494676927734e-05;0.631191912054738
155;1.411494676927734e-05;0.6293969160637606
156;1.3557863856839295e-05;0.6276294378688387
157;1.3557863856839295e-05;0.6258889518466987
158;1.3028919171339383e-05;0.6241749457366564
159;1.3028919171339383e-05;0.6224869202191352
160;1.2526369298495386e-05;0.6208243885100199
161;1.2526369298495386e-05;0.6191868759701982
162;1.2048598610565026e-05;0.6175739197295891
163;1.2048598610565026e-05;0.6159850683250654
164;1.1594108480119464e-05;0.6144198813516517
165;1.1594108480119464e-05;0.6128779291264606
166;1.1161507521460288e-05;0.6113587923647951
167;1.1161507521460288e-05;0.60986206186794
168;1.0749502750882725e-05;0.6083873382221194
169;1.0749502750882725e-05;0.6069342315081865
170;1.035689156958613e-05;0.6055023610215939
171;1.035689156958613e-05;0.6040913550021989
172;9.98255448413946e-06;0.6027008503735373
173;9.98255448413946e-06;0.6013304924911698
174;9.62544848904178e-06;0.5999799348997167
175;9.62544848904178e-06;0.5986488390982533
176;9.284601044410988e-06;0.5973368743137324
177;9.284601044410988e-06;0.5960437172820969
178;8.959104589288443e-06;0.5947690520368049
179;8.959104589288443e-06;0.5935125697044553
180;8.648111537559127e-06;0.5922739683072429
181;8.648111537559127e-06;0.5910529525719873
182;8.350829709268916e-06;0.5898492337454686
183;8.350829709268916e-06;0.588662529415847
184;8.066518155193379e-06;0.5874925633398982
185;8.066518155193379e-06;0.5863390652758906
186;7.794483336992898e-06;0.5852017708218578
187;7.794483336992898e-06;0.584080421259076
188;7.534075629251788e-06;0.5829747634005451
189;7.534075629251788e-06;0.5818845494443027
190;7.284686113225065e-06;0.5808095368313799
191;7.284686113225065e-06;0.5797494881082212
192;7.045743635206604e-06;0.5787041707934324
193;7.045743635206604e-06;0.5776733572486649
194;6.816712105214566e-06;0.5766568245535135
195;6.816712105214566e-06;0.5756543543842783
196;6.597088014135305e-06;0.5746657328964303
197;6.597088014135305e-06;0.5736907506106839
198;6.386398149653492e-06;0.5727292023025277
199;6.386398149653492e-06;0.5717808868950768
200;6.184197493259236e-06;0.5708456073551742
201;6.184197493259236e-06;0.5699231705925896
202;5.99006728232109e-06;0.5690133873622079
203;5.99006728232109e-06;0.5681160721691406
204;5.8036132228340264e-06;0.5672310431766152
205;5.8036132228340264e-06;0.5663581221165761
206;5.624463839758153e-06;0.5654971342028927
207;5.624463839758153e-06;0.5646479080470934
208;5.452268953170736e-06;0.563810275576539
209;5.452268953170736e-06;0.562984071954933
210;5.286698269536883e-06;0.5621691355051368
211;5.286698269536883e-06;0.5613653076341569
212;5.1274400784127966e-06;0.5605724327602871
213;5.1274400784127966e-06;0.5597903582422854
214;4.974200045786453e-06;0.5590189343105547
215;4.974200045786453e-06;0.5582580140002462
216;4.826700096076932e-06;0.5575074530862205
217;4.826700096076932e-06;0.5567671100198222
218;4.684677375529189e-06;0.5560368458673846
219;4.684677375529189e-06;0.5553165242504393
220;4.547883290403015e-06;0.5546060112875427
221;4.547883290403015e-06;0.5539051755377028
222;4.416082613941739e-06;0.5532138879453283
223;4.416082613941739e-06;0.5525320217866689
224;4.289052656637886e-06;0.5518594526176811
225;4.289052656637886e-06;0.5511960582233093
226;4.166582494796959e-06;0.5505417185680904
227;4.166582494796959e-06;0.5498963157480932
228;4.0484722528295426e-06;0.549259733944104
229;4.0484722528295426e-06;0.5486318593760615
230;3.934532435107072e-06;0.5480125802586604
231;3.934532435107072e-06;0.5474017867581336
232;3.8245833035580955e-06;0.5467993709501366
233;3.8245833035580955e-06;0.5462052267787334
234;3.7184542975172637e-06;0.5456192500164285
235;3.7184542975172637e-06;0.5450413382252214
236;3.6159834926315266e-06;0.5444713907186582
237;3.6159834926315266e-06;0.5439093085248432
238;3.5170170958859565e-06;0.5433549943503881
239;3.5170170958859565e-06;0.5428083525452536
240;3.421408974064373e-06;0.5422692890685101
241;3.421408974064373e-06;0.5417377114549021
242;3.3290202131747147e-06;0.5412135287822837
243;3.3290202131747147e-06;0.5406966516398408
244;3.2397187065725676e-06;0.5401869920971027
245;3.2397187065725676e-06;0.539684463673709
246;3.153378769695014e-06;0.5391889813099313
247;3.153378769695014e-06;0.5387004613378847
248;3.0698807794939293e-06;0.5382188214534679
249;3.0698807794939293e-06;0.5377439806889603
250;2.9891108367920235e-06;0.5372758593862917
251;2.9891108367920235e-06;0.5368143791709311
252;2.910960449946039e-06;0.536359462926441
253;2.910960449946039e-06;0.5359110347695808
254;2.835326238310976e-06;0.5354690200260446
255;2.835326238310976e-06;0.535033345206755
256;2.7621096541264615e-06;0.5346039379847105
257;2.7621096541264615e-06;0.5341807271723784
258;2.6912167215452992e-06;0.5337636426996184
259;2.6912167215452992e-06;0.5333526155921091
260;2.622557791624993e-06;0.5329475779502881
261;2.622557791624993e-06;0.532548462928767
262;2.5560473121976596e-06;0.5321552047162175
263;2.5560473121976596e-06;0.5317677385157259
264;2.4916036116054156e-06;0.5313860005255872
265;2.4916036116054156e-06;0.5310099279205469
266;2.4291486953691635e-06;0.5306394588334475
267;2.4291486953691635e-06;0.5302745323373135
268;2.368608054932153e-06;0.5299150884278091
269;2.368608054932153e-06;0.5295610680061243
270;2.3099104876715863e-06;0.529212412862203
271;2.3099104876715863e-06;0.5288690656583745
272;2.252987927442513e-06;0.5285309699133386
273;2.252987927442513e-06;0.5281980699864872
274;2.1977752849645673e-06;0.5278703110625943
275;2.1977752849645673e-06;0.5275476391368312
276;2.1442102974126115e-06;0.5272300010000972
277;2.1442102974126115e-06;0.5269173442246903
278;2.0922333866183093e-06;0.5266096171502765
279;2.0922333866183093e-06;0.5263067688701506
280;2.0417875253360045e-06;0.5260087492178185
281;2.0417875253360045e-06;0.5257155087538423
282;1.9928181110583436e-06;0.525426998752984
283;1.9928181110583436e-06;0.5251431711916092
284;1.94527284690345e-06;0.5248639787353657
285;1.94527284690345e-06;0.5245893747271164
286;1.8991016291355992e-06;0.5243193131751416
287;1.8991016291355992e-06;0.5240537487415595
288;1.8542564409063328e-06;0.5237926367310208
289;1.8542564409063328e-06;0.5235359330796185
290;1.8106912518279014e-06;0.5232835943440326
291;1.8106912518279014e-06;0.5230355776909033
292;1.7683619230272382e-06;0.522791840886417
293;1.7683619230272382e-06;0.5225523422861138
294;1.7272261173427145e-06;0.5223170408248996
295;1.7272261173427145e-06;0.522085896007257
296;1.687243214353475e-06;0.5218588678976652
297;1.687243214353475e-06;0.521635917111209
298;1.648374229952097e-06;0.521417004804376
299;1.648374229952097e-06;0.5212020926660457
300;1.6105817401877662e-06;0.5209911429086489
301;1.6105817401877662e-06;0.5207841182595163
302;1.5738298091272096e-06;0.5205809819523897
303;1.5738298091272096e-06;0.5203816977191044
304;1.5380839204988442e-06;0.5201862297814432
305;1.5380839204988442e-06;0.5199945428431456
306;1.5033109128943997e-06;0.5198066020820672
307;1.5033109128943997e-06;0.5196223731425087
308;1.4694789183245896e-06;0.5194418221276842
309;1.4694789183245896e-06;0.5192649155923372
310;1.4365573039338006e-06;0.5190916205355067
311;1.4365573039338006e-06;0.5189219043934219
312;1.4045166166931082e-06;0.5187557350325486
313;1.4045166166931082e-06;0.5185930807427568
314;1.3733285309004756e-06;0.5184339102306241
315;1.3733285309004756e-06;0.518278192612874
316;1.3429657983286957e-06;0.518125897409928
317;1.3429657983286957e-06;0.5179769945395853
318;1.3134022008743984e-06;0.5178314543108291
319;1.3134022008743984e-06;0.5176892474177344
320;1.2846125055660671e-06;0.5175503449335079
321;1.2846125055660671e-06;0.5174147183046275
322;1.2565724217990995e-06;0.5172823393450974
323;1.2565724217990995e-06;0.5171531802308091
324;1.2292585606759988e-06;0.5170272134940102
325;1.2292585606759988e-06;0.5169044120178667
326;1.2026483963374748e-06;0.5167847490311372
327;1.2026483963374748e-06;0.5166681981029417
328;1.1767202291720524e-06;0.5165547331376241
329;1.1767202291720524e-06;0.5164443283697104
330;1.1514531508026505e-06;0.516336958358959
331;1.1514531508026505e-06;0.5162325979854994
332;1.1268270107611865e-06;0.5161312224450723
333;1.1268270107611865e-06;0.516032807244332
334;1.1028223847475063e-06;0.5159373281962523
335;1.1028223847475063e-06;0.5158447614156141
336;1.0794205443999213e-06;0.5157550833145694
337;1.0794205443999213e-06;0.5156682705982785
338;1.0566034284916894e-06;0.5155843002606385
339;1.0566034284916894e-06;0.5155031495800881
340;1.0343536154817119e-06;0.5154247961154622
341;1.0343536154817119e-06;0.5153492177019608
342;1.012654297341389e-06;0.515276392447154
343;1.012654297341389e-06;0.5152062987270702
344;9.914892545986612e-07;0.5151389151823625
345;9.914892545986612e-07;0.515074220714527
346;9.708428325324682e-07;0.5150121944821904
347;9.708428325324682e-07;0.5149528158974797
348;9.506999184604042e-07;0.514896064622423
349;9.506999184604042e-07;0.5148419205654433
350;9.310459200610498e-07;0.5147903638778977
351;9.310459200610498e-07;0.5147413749506784
352;9.118667446779505e-07;0.5146949344108737
353;9.118667446779505e-07;0.5146510231184871
354;8.931487795602053e-07;0.5146096221632052
355;8.931487795602053e-07;0.5145707128612371
356;8.748788729874008e-07;0.5145342767521917
357;8.748788729874008e-07;0.5145002955960141
358;8.57044316235827e-07;0.5144687513699677
359;8.57044316235827e-07;0.5144396262656931
360;8.396328263463845e-07;0.5144129026862738
361;8.396328263463845e-07;0.5143885632433867
362;8.226325296514919e-07;0.5143665907544916
363;8.226325296514919e-07;0.514346968240051
364;8.060319460242558e-07;0.514329678920824
365;8.060319460242558e-07;0.5143147062151832
366;7.898199738174768e-07;0.5143020337364881
367;7.898199738174768e-07;0.5142916452904909
368;7.739858754529028e-07;0.5142835248728033
369;7.739858754529028e-07;0.5142776566663871
370;7.585192636355116e-07;0.5142740250390916
371;7.585192636355116e-07;0.5142726145412382
372;7.434100881583462e-07;0.5142734099032436
373;7.434100881583462e-07;0.5142763960332626
374;7.28648623272113e-07;0.5142815580149013
375;7.28648623272113e-07;0.5142888811049384
376;7.142254555899768e-07;0.5142983507311081
377;7.142254555899768e-07;0.5143099524898906
378;7.001314725052079e-07;0.5143236721443747
379;7.001314725052079e-07;0.5143394956221174
380;6.863578510950088e-07;0.514357409013064
381;6.863578510950088e-07;0.5143773985674895
382;6.728960474885934e-07;0.5143994506939842
383;6.728960474885934e-07;0.5144235519574492
384;6.59737786678567e-07;0.5144496890771522
385;6.59737786678567e-07;0.5144778489247974
386;6.468750527533338e-07;0.5145080185226227
387;6.468750527533338e-07;0.5145401850415401
388;6.343000795323104e-07;0.5145743357993037
389;6.343000795323104e-07;0.5146104582586842
390;6.220053415848728e-07;0.514648540025713
391;6.220053415848728e-07;0.5146885688479148
392;6.099835456157437e-07;0.5147305326125914
393;6.099835456157437e-07;0.5147744193451201
394;5.982276221995948e-07;0.5148202172072938
395;5.982276221995948e-07;0.5148679144956644
396;5.867307178498692e-07;0.5149174996399323
397;5.867307178498692e-07;0.514968961201357
398;5.754861874061413e-07;0.5150222878711757
399;5.754861874061413e-07;0.5150774684690771
400;5.644875867260395e-07;0.5151344919416636
401;5.644875867260395e-07;0.5151933473609701
402;5.537286656663766e-07;0.5152540239229816
403;5.537286656663766e-07;0.5153165109461835
404;5.43203361345608e-07;0.515380797870135
405;5.43203361345608e-07;0.5154468742540671
406;5.329057916671925e-07;0.5155147297754863
407;5.329057916671925e-07;0.5155843542288235
408;5.22830249100286e-07;0.5156557375240791
409;5.22830249100286e-07;0.5157288696855142
410;5.129711947025135e-07;0.5158037408503388
411;5.129711947025135e-07;0.5158803412674289
412;5.033232523741047e-07;0.5159586612960683
413;5.033232523741047e-07;0.5160386914047065
414;4.938812033337847e-07;0.5161204221697255
415;4.938812033337847e-07;0.5162038442742449
416;4.846399808084688e-07;0.5162889485069182
417;4.846399808084688e-07;0.5163757257607817
418;4.755946649251906e-07;0.516464167032088
419;4.755946649251906e-07;0.5165542634191727
420;4.667404777984176e-07;0.5166460061213418
421;4.667404777984176e-07;0.5167393864377674
422;4.5807277880247525e-07;0.5168343957663997
423;4.5807277880247525e-07;0.5169310256029049
424;4.4958706002440415e-07;0.5170292675396069
425;4.4958706002440415e-07;0.5171291132644549
426;4.4127894188561965e-07;0.5172305545599973
427;4.4127894188561965e-07;0.5173335833023838
428;4.331441689287532e-07;0.5174381914603614
429;4.331441689287532e-07;0.5175443710943135
430;4.251786057604613e-07;0.5176521143552847
431;4.251786057604613e-07;0.5177614134840393
432;4.173782331452619e-07;0.5178722608101334
433;4.173782331452619e-07;0.5179846487509877
434;4.0973914424323057e-07;0.5180985698109779
435;4.0973914424323057e-07;0.5182140165805562
436;4.022575409860396e-07;0.5183309817353614
437;4.022575409860396e-07;0.5184494580353534
438;3.949297305850225e-07;0.5185694383239663
439;3.949297305850225e-07;0.5186909155272602
440;3.877521221664284e-07;0.518813882653102
441;3.877521221664284e-07;0.5189383327903396
442;3.807212235295458e-07;0.5190642591080061
443;3.807212235295458e-07;0.5191916548545197
444;3.7383363802063385e-07;0.5193205133569139
445;3.7383363802063385e-07;0.5194508280200587
446;3.670860615194391e-07;0.5195825923259159
447;3.670860615194391e-07;0.5197157998327777
448;3.6047527953374043e-07;0.5198504441745407
449;3.6047527953374043e-07;0.5199865190599828
450;3.539981643972553e-07;0.5201240182720486
451;3.539981643972553e-07;0.5202629356671395
452;3.476516725668634e-07;0.5204032651744344
453;3.476516725668634e-07;0.5205450007951961
454;3.414328420150193e-07;0.5206881366021061
455;3.414328420150193e-07;0.5208326667385963
456;3.3533878971385145e-07;0.5209785854182092
457;3.3533878971385145e-07;0.5211258869239361
458;3.2936670920818335e-07;0.5212745656076063
459;3.2936670920818335e-07;0.521424615889244
460;3.2351386827109037e-07;0.5215760322564642
461;3.2351386827109037e-07;0.5217288092638693
462;3.177776066432454e-07;0.5218829415324485
463;3.177776066432454e-07;0.5220384237489901
464;3.121553338484226e-07;0.522195250665508
465;3.121553338484226e-07;0.5223534170986692
466;3.066445270848521e-07;0.5225129179292298
467;3.066445270848521e-07;0.5226737481014905
468;3.012427291892985e-07;0.5228359026227458
469;3.012427291892985e-07;0.5229993765627445
470;2.959475466705421e-07;0.523164165053174
471;2.959475466705421e-07;0.5233302632871308
472;2.907566478080908e-07;0.5234976665186105
473;2.907566478080908e-07;0.5236663700620049
474;2.8566776081704853e-07;0.5238363692916045
475;2.8566776081704853e-07;0.52400765964111
476;2.806786720741496e-07;0.5241802366031489
477;2.806786720741496e-07;0.5243540957288089
478;2.7578722440358425e-07;0.5245292326271548
479;2.7578722440358425e-07;0.5247056429647914
480;2.709913154194531e-07;0.5248833224653926
481;2.709913154194531e-07;0.525062266909269
482;2.6628889592393914e-07;0.5252424721329123
483;2.6628889592393914e-07;0.5254239340285911
484;2.6167796835820916e-07;0.5256066485438953
485;2.6167796835820916e-07;0.525790611681346
486;2.571565853052209e-07;0.5259758194979585
487;2.571565853052209e-07;0.5261622681048612
488;2.527228480406385e-07;0.5263499536668781
489;2.527228480406385e-07;0.52653887240215
490;2.4837490513183274e-07;0.5267290205817428
491;2.4837490513183274e-07;0.5269203945292694
492;2.441109510825911e-07;0.5271129906205155
493;2.441109510825911e-07;0.5273068052830714
494;2.3992922502203445e-07;0.5275018349959786
495;2.3992922502203445e-07;0.5276980762893654
496;2.3582800943530732e-07;0.5278955257440985
497;2.3582800943530732e-07;0.5280941799914467
498;2.3180562893569438e-07;0.5282940357127361
499;2.3180562893569438e-07;0.5284950896390259
500;2.2786044907616908e-07;0.5286973385507734
501;2.2786044907616908e-07;0.5284950884460189
502;2.2399087519876823e-07;0.5282940237825102
503;2.2399087519876823e-07;0.5280941382348006
504;2.2019535131990195e-07;0.5278954255252746
505;2.2019535131990195e-07;0.5276978794237133
506;2.1647235905302954e-07;0.5275014937468203
507;2.1647235905302954e-07;0.5273062623577989
508;2.128204165635456e-07;0.527112179165897
509;2.128204165635456e-07;0.5269192381259789
510;2.092380775572569e-07;0.526727433238098
511;2.092380775572569e-07;0.5265367585470625
512;2.057239303000653e-07;0.526347208142028
513;2.057239303000653e-07;0.5261587761560712
514;2.0227659666935007e-07;0.5259714567657883
515;2.0227659666935007e-07;0.5257852441908812
516;1.9889473123411012e-07;0.5256001326937656
517;1.9889473123411012e-07;0.5254161165791658
518;1.9557702036345675e-07;0.5252331901937273
519;1.9557702036345675e-07;0.5250513479256247
520;1.923221813633902e-07;0.5248705842041872
521;1.923221813633902e-07;0.5246908934995071
522;1.89128961639063e-07;0.5245122703220781
523;1.89128961639063e-07;0.5243347092224138
524;1.859961378842663e-07;0.5241582047906859
525;1.859961378842663e-07;0.5239827516563618
526;1.8292251529426413e-07;0.5238083444878474
527;1.8292251529426413e-07;0.5236349779921287
528;1.799069268032398e-07;0.523462646914425
529;1.799069268032398e-07;0.5232913460378402
530;1.7694823234480305e-07;0.5231210701830217
531;1.7694823234480305e-07;0.5229518142078176
532;1.7404531813434444e-07;0.5227835730069453
533;1.7404531813434444e-07;0.5226163415116594
534;1.7119709597415398e-07;0.5224501146894229
535;1.7119709597415398e-07;0.5222848875435797
536;1.6840250257838856e-07;0.5221206551130422
537;1.6840250257838856e-07;0.5219574124719613
538;1.6566049891813143e-07;0.5217951547294244
539;1.6566049891813143e-07;0.5216338770291391
540;1.6297006958648304e-07;0.521473574549121
541;1.6297006958648304e-07;0.5213142425014067
542;1.603302221825537e-07;0.5211558761317296
543;1.603302221825537e-07;0.5209984707192432
544;1.5773998671326544e-07;0.5208420215762142
545;1.5773998671326544e-07;0.5206865240477389
546;1.5519841501295802e-07;0.5205319735114469
547;1.5519841501295802e-07;0.5203783653772265
548;1.527045801797471e-07;0.5202256950869357
549;1.527045801797471e-07;0.5200739581141256
550;1.502575760290055e-07;0.5199231499637602
551;1.502575760290055e-07;0.5197732661719565
552;1.4785651656191082e-07;0.5196243023056959
553;1.4785651656191082e-07;0.5194762539625721
554;1.4550053545038283e-07;0.519329116770517
555;1.4550053545038283e-07;0.5191828863875483
556;1.431887855363004e-07;0.5190375585014999
557;1.431887855363004e-07;0.5188931288297747
558;1.4092043834510716e-07;0.5187495931190872
559;1.4092043834510716e-07;0.518606947145209
560;1.3869468361352796e-07;0.5184651867127331
561;1.3869468361352796e-07;0.5183243076548086
562;1.365107288310862e-07;0.5181843058329179
563;1.365107288310862e-07;0.5180451771366226
564;1.3436779879479959e-07;0.5179069174833308
565;1.3436779879479959e-07;0.517769522818059
566;1.3226513517559045e-07;0.5176329891132023
567;1.3226513517559045e-07;0.5174973123683013
568;1.3020199609766465e-07;0.5173624886098105
569;1.3020199609766465e-07;0.5172285138908794
570;1.2817765573022373e-07;0.5170953842911237
571;1.2817765573022373e-07;0.5169630959164044
572;1.2619140388956443e-07;0.5168316448986092
573;1.2619140388956443e-07;0.5167010273954376
574;1.2424254565353298e-07;0.5165712395901807
575;1.2424254565353298e-07;0.5164422776915105
576;1.2233040098596076e-07;0.5163141379332771
577;1.2233040098596076e-07;0.5161868165742882
578;1.204543043713956e-07;0.5160603098981105
579;1.204543043713956e-07;0.5159346142128618
580;1.1861360446087146e-07;0.5158097258510176
581;1.1861360446087146e-07;0.5156856411691944
582;1.1680766372679662e-07;0.5155623565479663
583;1.1680766372679662e-07;0.5154398683916656
584;1.1503585812740338e-07;0.5153181731281828
585;1.1503585812740338e-07;0.5151972672087816
586;1.1329757678064773e-07;0.5150771471079033
587;1.1329757678064773e-07;0.5149578093229863
588;1.1159222164678902e-07;0.514839250374265
589;1.1159222164678902e-07;0.5147214668045994
590;1.0991920721989007e-07;0.5146044551792877
591;1.0991920721989007e-07;0.5144882120858838
592;1.0827796022799181e-07;0.5143727341340165
593;1.0827796022799181e-07;0.5142580179552152
594;1.0666791934035294e-07;0.5141440602027325
595;1.0666791934035294e-07;0.5140308575513731
596;1.0508853488387479e-07;0.5139184066973187
597;1.0508853488387479e-07;0.5138067043579541
598;1.0353926856636532e-07;0.5136957472717051
599;1.0353926856636532e-07;0.5135855321978666
600;1.0201959320727729e-07;0.5134760559164393
601;1.0201959320727729e-07;0.5133673152279639
602;1.00528992476194e-07;0.5132593069533556
603;1.00528992476194e-07;0.5131520279337549
604;9.90669606381065e-08;0.5130454750303526
605;9.90669606381065e-08;0.5129396451242371
606;9.763300230451755e-08;0.5128345351162527
607;9.763300230451755e-08;0.5127301419268209
608;9.622663219282523e-08;0.5126264624957981
609;9.622663219282523e-08;0.51252349378233
610;9.48473748907938e-08;0.5124212327646943
611;9.48473748907938e-08;0.5123196764401468
612;9.349476462742009e-08;0.5122188218247874
613;9.349476462742009e-08;0.5121186659533997
614;9.216834505055638e-08;0.5120192058793167
615;9.216834505055638e-08;0.5119204386742702
616;9.086766900946196e-08;0.5118223614282527
617;9.086766900946196e-08;0.5117249712493779
618;8.959229834351282e-08;0.5116282652637343
619;8.959229834351282e-08;0.5115322406152575
620;8.834180367612126e-08;0.5114368944655836
621;8.834180367612126e-08;0.5113422239939209
622;8.7115764214277e-08;0.5112482263969114
623;8.7115764214277e-08;0.5111548988884967
624;8.591376755344488e-08;0.5110622386997953
625;8.591376755344488e-08;0.5109702430789562
626;8.47354094869459e-08;0.5108789092910462
627;8.47354094869459e-08;0.5107882346179123
628;8.358029382053007e-08;0.510698216358058
629;8.358029382053007e-08;0.5106088518265122
630;8.244803219179057e-08;0.5105201383547144
631;8.244803219179057e-08;0.5104320732903824
632;8.133824389388724e-08;0.5103446539973976
633;8.133824389388724e-08;0.5102578778556741
634;8.02505557040221e-08;0.5101717422610454
635;8.02505557040221e-08;0.51008624462515
636;7.918460171659698e-08;0.5100013823753022
637;7.918460171659698e-08;0.5099171529543818
638;7.814002317982228e-08;0.5098335538207206
639;7.814002317982228e-08;0.5097505824479803
640;7.711646833677891e-08;0.5096682363250513
641;7.711646833677891e-08;0.5095865129559216
642;7.611359227055754e-08;0.5095054098595833
643;7.611359227055754e-08;0.5094249245699141
644;7.513105675353788e-08;0.5093450546355651
645;7.513105675353788e-08;0.5092657976198574
646;7.416853009996309e-08;0.5091871511006736
647;7.416853009996309e-08;0.5091091126703493
648;7.32256870224752e-08;0.5090316799355703
649;7.32256870224752e-08;0.5089548505172603
650;7.230220849202922e-08;0.5088786220504893
651;7.230220849202922e-08;0.5088029921843631
652;7.139778160135963e-08;0.5087279585819172
653;7.139778160135963e-08;0.5086535189200299
654;7.051209943205345e-08;0.5085796708893067
655;7.051209943205345e-08;0.5085064121939908
656;6.964486092436825e-08;0.508433740551864
657;6.964486092436825e-08;0.5083616536941415
658;6.879577075087017e-08;0.5082901493653882
659;6.879577075087017e-08;0.5082192253234086
660;6.796453919270255e-08;0.5081488793391661
661;6.796453919270255e-08;0.5080791091966779
662;6.715088201904138e-08;0.5080099126929231
663;6.715088201904138e-08;0.5079412876377607
664;6.635452036977475e-08;0.5078732318538258
665;6.635452036977475e-08;0.5078057431764433
666;6.557518064050557e-08;0.5077388194535378
667;6.557518064050557e-08;0.5076724585455483
668;6.481259437016176e-08;0.5076066583253318
669;6.481259437016176e-08;0.5075414166780812
670;6.406649813256909e-08;0.5074767315012397
671;6.406649813256909e-08;0.5074126007044089
672;6.333663342940074e-08;0.5073490222092689
673;6.333663342940074e-08;0.5072859939494869
674;6.262274658600617e-08;0.5072235138706451
675;6.262274658600617e-08;0.5071615799301461
676;6.192458865005973e-08;0.5071001900971355
677;6.192458865005973e-08;0.5070393423524184
678;6.124191529216257e-08;0.5069790346883767
679;6.124191529216257e-08;0.5069192651088995
680;6.057448670925864e-08;0.5068600316292853
681;6.057448670925864e-08;0.5068013322761793
682;5.992206752996046e-08;0.5067431650874848
683;5.992206752996046e-08;0.5066855281122948
684;5.928442672249087e-08;0.5066284194108028
685;5.928442672249087e-08;0.5065718370542384
686;5.866133750444975e-08;0.5065157791247823
687;5.866133750444975e-08;0.506460243715499
688;5.8052577255068664e-08;0.5064052289302599
689;5.8052577255068664e-08;0.5063507328836643
690;5.7457927428874305e-08;0.5062967537009749
691;5.7457927428874305e-08;0.5062432895180348
692;5.687717347219533e-08;0.5061903384812092
693;5.687717347219533e-08;0.5061378987473009
694;5.6310104741360623e-08;0.5060859684834846
695;5.6310104741360623e-08;0.5060345458672463
696;5.5756514422233885e-08;0.5059836290862952
697;5.5756514422233885e-08;0.5059332163385073
698;5.521619945231793e-08;0.5058833058318557
699;5.521619945231793e-08;0.5058338957843409
700;5.468896044424035e-08;0.5057849844239226
701;5.468896044424035e-08;0.5057365699884551
702;5.4174601611528415e-08;0.5056886507256226
703;5.4174601611528415e-08;0.5056412248928667
704;5.367293069538857e-08;0.5055942907573325
705;5.367293069538857e-08;0.505547846595795
706;5.3183758893765016e-08;0.5055018906945937
707;5.3183758893765016e-08;0.5054564213495805
708;5.270690079154848e-08;0.5054114368660447
709;5.270690079154848e-08;0.5053669355586616
710;5.224217429275258e-08;0.5053229157514154
711;5.224217429275258e-08;0.5052793757775562
712;5.178940055400313e-08;0.5052363139795223
713;5.178940055400313e-08;0.5051937287088994
714;5.134840391992711e-08;0.5051516183263363
715;5.134840391992711e-08;0.5051099812015007
716;5.091901185932772e-08;0.5050688157130265
717;5.091901185932772e-08;0.5050281202484405
718;5.0501054903308136e-08;0.5049878932041056
719;5.0501054903308136e-08;0.5049481329851797
720;5.009436658457649e-08;0.5049088380055393
721;5.009436658457649e-08;0.5048700066877344
722;4.969878337861314e-08;0.5048316374629261
723;4.969878337861314e-08;0.5047937287708416
724;4.931414464527377e-08;0.5047562790597002
725;4.931414464527377e-08;0.5047192867861796
726;4.894029257236139e-08;0.5046827504153459
727;4.894029257236139e-08;0.5046466684206097
728;4.857707212031807e-08;0.5046110392836657
729;4.857707212031807e-08;0.5045758614944453
730;4.822433096813439e-08;0.5045411335510612
731;4.822433096813439e-08;0.5045068539597511
732;4.788191946029336e-08;0.5044730212348365
733;4.788191946029336e-08;0.5044396338986652
734;4.7549690555028105e-08;0.504406690481553
735;4.7549690555028105e-08;0.5043741895217473
736;4.7227499773970704e-08;0.5043421295653687
737;4.7227499773970704e-08;0.5043105091663668
738;4.691520515225499e-08;0.5042793268864594
739;4.691520515225499e-08;0.5042485812950979
740;4.661266719056154e-08;0.5042182709694072
741;4.661266719056154e-08;0.5041883944941487
742;4.631974880743941e-08;0.5041589504616608
743;4.631974880743941e-08;0.5041299374718194
744;4.603631529305902e-08;0.5041013541319901
745;4.603631529305902e-08;0.5040731990569773
746;4.576223426420388e-08;0.5040454708689796
747;4.576223426420388e-08;0.5040181681975503
748;4.549737561965102e-08;0.5039912896795428
749;4.549737561965102e-08;0.5039648339590714
750;4.524161149684678e-08;0.503938799687461
751;4.524161149684678e-08;0.5039131855232066
752;4.499481622972098e-08;0.5038879901319333
753;4.499481622972098e-08;0.5038632121863403
754;4.4756866306860964e-08;0.5038388503661694
755;4.4756866306860964e-08;0.5038149033581567
756;4.4527640331416375e-08;0.5037913698559889
757;4.4527640331416375e-08;0.5037682485602641
758;4.430701898079253e-08;0.5037455381784478
759;4.430701898079253e-08;0.5037232374248263
760;4.4094884968105343e-08;0.5037013450204799
761;4.4094884968105343e-08;0.5036798596932247
762;4.389112300423187e-08;0.503658780177578
763;4.389112300423187e-08;0.5036381052147239
764;4.369561976051624e-08;0.5036178335524655
765;4.369561976051624e-08;0.5035979639451864
766;4.350826383208547e-08;0.5035784951538155
767;4.350826383208547e-08;0.5035594259457794
768;4.332894570248092e-08;0.5035407550949756
769;4.332894570248092e-08;0.5035224813817221
770;4.315755770868872e-08;0.5035046035927189
771;4.315755770868872e-08;0.5034871205210255
772;4.2993994006854805e-08;0.5034700309660047
773;4.2993994006854805e-08;0.5034533337332934
774;4.283815053911161e-08;0.5034370276347666
775;4.283815053911161e-08;0.5034211114884966
776;4.268992500047679e-08;0.5034055841187175
777;4.268992500047679e-08;0.5033904443557918
778;4.254921680709361e-08;0.503375691036171
779;4.254921680709361e-08;0.503361323002359
780;4.241592706467657e-08;0.5033473391028818
781;4.241592706467657e-08;0.5033337381922427
782;4.228995853794783e-08;0.5033205191308974
783;4.228995853794783e-08;0.5033076807852173
784;4.217121562044989e-08;0.5032952220274463
785;4.217121562044989e-08;0.5032831417356767
786;4.205960430496088e-08;0.5032714387938113
787;4.205960430496088e-08;0.5032601120915282
788;4.195503215481893e-08;0.5032491605242497
789;4.195503215481893e-08;0.5032385829931078
790;4.185740827581209e-08;0.5032283784049167
791;4.185740827581209e-08;0.5032185456721232
792;4.1766643288297796e-08;0.5032090837127972
793;4.1766643288297796e-08;0.5031999914505819
794;4.1682649300116407e-08;0.5031912678146748
795;4.1682649300116407e-08;0.5031829117397832
796;4.1605339880031564e-08;0.5031749221660974
797;4.1605339880031564e-08;0.5031672980392637
798;4.153463003189313e-08;0.5031600383103545
799;4.153463003189313e-08;0.503153141935825
800;4.147043616904401e-08;0.5031466078774973
801;4.147043616904401e-08;0.5031404351025194
802;4.14126760898221e-08;0.5031346225833419
803;4.14126760898221e-08;0.5031291692976847
804;4.13612689520639e-08;0.5031240742285086
805;4.13612689520639e-08;0.5031193363639805
806;4.131613525012834e-08;0.5031149546974566
807;4.131613525012834e-08;0.5031109282274411
808;4.127719679132761e-08;0.5031072559575596
809;4.127719679132761e-08;0.5031039368965349
810;4.124437667278314e-08;0.5031009700581573
811;4.124437667278314e-08;0.5030983544612568
812;4.1217599258849795e-08;0.5030960891296699
813;4.1217599258849795e-08;0.5030941730922147
814;4.119679015916211e-08;0.5030926053826688
815;4.119679015916211e-08;0.5030913850397347
816;4.118187620711665e-08;0.503090511107013
817;4.118187620711665e-08;0.5030899826329831
818;4.117278543862624e-08;0.5030897986709647
819;4.117278543862624e-08;0.5030899582791025
820;4.1169447071260045e-08;0.5030904605203296
821;4.1169447071260045e-08;0.5030913044623488
822;4.11717914839769e-08;0.5030924891776034
823;4.11717914839769e-08;0.5030940137432545
824;4.117975019738306e-08;0.5030958772411485
825;4.117975019738306e-08;0.5030980787577972
826;4.119325585400272e-08;0.5031006173843549
827;4.119325585400272e-08;0.5031034922165851
828;4.121224219915378e-08;0.5031067023548405
829;4.121224219915378e-08;0.5031102469040398
830;4.1236644062330355e-08;0.5031141249736417
831;4.1236644062330355e-08;0.5031183356776151
832;4.126639733862963e-08;0.503122878134424
833;4.126639733862963e-08;0.5031277514670001
834;4.1301438970946126e-08;0.5031329548027148
835;4.1301438970946126e-08;0.5031384872733593
836;4.1341706932111305e-08;0.5031443480151239
837;4.1341706932111305e-08;0.5031505361685633
838;4.1387140207617136e-08;0.503157050878591
839;4.1387140207617136e-08;0.503163891294442
840;4.143767877881596e-08;0.5031710565696521
841;4.143767877881596e-08;0.5031785458620412
842;4.149326360592674e-08;0.5031863583336853
843;4.149326360592674e-08;0.5031944931508994
844;4.155383661207667e-08;0.503202949484207
845;4.155383661207667e-08;0.5032117265083258
846;4.1619340667179364e-08;0.5032208234021438
847;4.1619340667179364e-08;0.5032302393486936
848;4.1689719572126026e-08;0.503239973535137
849;4.1689719572126026e-08;0.5032500251527375
850;4.17649180435223e-08;0.5032603933968463
851;4.17649180435223e-08;0.5032710774668707
852;4.184488169871075e-08;0.5032820765662667
853;4.184488169871075e-08;0.5032933899025018
854;4.192955704084152e-08;0.5033050166870536
855;4.192955704084152e-08;0.5033169561353698
856;4.201889144424487e-08;0.5033292074668626
857;4.201889144424487e-08;0.5033417699048823
858;4.211283314053386e-08;0.5033546426766935
859;4.211283314053386e-08;0.503367825013463
860;4.2211331204437996e-08;0.5033813161502353
861;4.2211331204437996e-08;0.503395115325914
862;4.2314335540328096e-08;0.5034092217832447
863;4.2314335540328096e-08;0.5034236347687874
864;4.2421796868574824e-08;0.503438353532906
865;4.2421796868574824e-08;0.503453377329748
866;4.253366671241854e-08;0.5034687054172206
867;4.253366671241854e-08;0.5034843370569757
868;4.2649897385347295e-08;0.503500271514393
869;4.2649897385347295e-08;0.50351650805855
870;4.277044197808938e-08;0.5035330459622249
871;4.277044197808938e-08;0.5035498845018541
872;4.289525434641233e-08;0.5035670229575355
873;4.289525434641233e-08;0.5035844606129901
874;4.3024289099007436e-08;0.5036021967555593
875;4.3024289099007436e-08;0.503620230676184
876;4.31575015853074e-08;0.503638561669385
877;4.31575015853074e-08;0.5036571890332395
878;4.329484788405096e-08;0.5036761120693751
879;4.329484788405096e-08;0.5036953300829454
880;4.343628479157912e-08;0.5037148423826139
881;4.343628479157912e-08;0.5037346482805355
882;4.3581769810605986e-08;0.5037547470923485
883;4.3581769810605986e-08;0.5037751381371396
884;4.373126113929777e-08;0.5037958207374484
885;4.373126113929777e-08;0.5038167942192321
886;4.388471766040983e-08;0.5038380579118626
887;4.388471766040983e-08;0.5038596111481047
888;4.404209893051245e-08;0.5038814532640952
889;4.404209893051245e-08;0.5039035835993395
890;4.420336516972769e-08;0.5039260014966827
891;4.420336516972769e-08;0.5039487063022954
892;4.4368477251203774e-08;0.5039716973656694
893;4.4368477251203774e-08;0.5039949740395855
894;4.4537396691277886e-08;0.504018535680111
895;4.4537396691277886e-08;0.504042381646576
896;4.471008563966888e-08;0.5040665113015654
897;4.471008563966888e-08;0.5040909240108961
898;4.488650686973724e-08;0.5041156191436061
899;4.488650686973724e-08;0.5041405960719363
900;4.506662376891901e-08;0.5041658541713219
901;4.506662376891901e-08;0.504191392820373
902;4.525040032955276e-08;0.5042172114008558
903;4.525040032955276e-08;0.5042433092976847
904;4.543780113976545e-08;0.5042696858989071
905;4.543780113976545e-08;0.5042963405956864
906;4.5628791374221446e-08;0.5043232727822871
907;4.5628791374221446e-08;0.5043504818560629
908;4.582333678557e-08;0.5043779672174409
909;4.582333678557e-08;0.5044057282699119
910;4.602140369588966e-08;0.5044337644200065
911;4.602140369588966e-08;0.5044620750772925
912;4.622295898796507e-08;0.5044906596543524
913;4.622295898796507e-08;0.5045195175667796
914;4.6427970097205317e-08;0.5045486482331478
915;4.6427970097205317e-08;0.5045780510750214
916;4.6636405003358117e-08;0.504607725516923
917;4.6636405003358117e-08;0.5046376709863243
918;4.684823222254477e-08;0.5046678869136358
919;4.684823222254477e-08;0.5046983727321935
920;4.7063420799388354e-08;0.5047291278782491
921;4.7063420799388354e-08;0.5047601517909481
922;4.7281940299255027e-08;0.50479144391232
923;4.7281940299255027e-08;0.5048230036872744
924;4.7503760800845865e-08;0.5048548305635766
925;4.7503760800845865e-08;0.5048869239918421
926;4.7728852888616676e-08;0.5049192834255196
927;4.7728852888616676e-08;0.5049519083208831
928;4.795718764564794e-08;0.5049847981370179
929;4.795718764564794e-08;0.5050179523358049
930;4.8188736646306035e-08;0.5050513703819148
931;4.8188736646306035e-08;0.5050850517427897
932;4.842347194938798e-08;0.5051189958886368
933;4.842347194938798e-08;0.5051532022924111
934;4.8661366091138276e-08;0.5051876704298094
935;4.8661366091138276e-08;0.5052223997792531
936;4.890239207857405e-08;0.5052573898218815
937;4.890239207857405e-08;0.5052926400415334
938;4.914652338282737e-08;0.5053281499247466
939;4.914652338282737e-08;0.5053639189607319
940;4.939373393251561e-08;0.5053999466413742
941;4.939373393251561e-08;0.5054362324612207
942;4.9643998107532147e-08;0.5054727759174596
943;4.9643998107532147e-08;0.5055095765099136
944;4.9897290732710273e-08;0.5055466337410384
945;4.9897290732710273e-08;0.5055839471158989
946;5.0153587071571674e-08;0.505621516142162
947;5.0153587071571674e-08;0.5056593403300933
948;5.041286282048387e-08;0.5056974191925353
949;5.041286282048387e-08;0.5057357522449033
950;5.067509410247486e-08;0.5057743390051717
951;5.067509410247486e-08;0.5058131789938655
952;5.094025746170878e-08;0.5058522717340543
953;5.094025746170878e-08;0.5058916167513314
954;5.1208329857723694e-08;0.5059312135738139
955;5.1208329857723694e-08;0.5059710617321249
956;5.147928865954654e-08;0.5060111607593853
957;5.147928865954654e-08;0.5060515101912092
958;5.175311164048479e-08;0.5060921095656887
959;5.175311164048479e-08;0.5061329584233834
960;5.202977697268056e-08;0.5061740563073145
961;5.202977697268056e-08;0.5062154027629465
962;5.230926322178405e-08;0.5062569973381935
963;5.230926322178405e-08;0.506298839583393
964;5.2591549341689276e-08;0.5063409290513049
965;5.2591549341689276e-08;0.5063832652971012
966;5.287661466958518e-08;0.5064258478783552
967;5.287661466958518e-08;0.5064686763550308
968;5.316443892087457e-08;0.50651175028948
969;5.316443892087457e-08;0.5065550692464225
970;5.345500218416704e-08;0.5065986327929488
971;5.345500218416704e-08;0.5066424404985017
972;5.3748284916719477e-08;0.5066864919348695
973;5.3748284916719477e-08;0.5067307866761854
974;5.4044267939387596e-08;0.5067753242988993
975;5.4044267939387596e-08;0.5068201043817957
976;5.434293243216332e-08;0.5068651265059576
977;5.434293243216332e-08;0.5069103902547796
978;5.4644259929771704e-08;0.5069558952139439
979;5.4644259929771704e-08;0.5070016409714244
980;5.494823231691721e-08;0.5070476271174684
981;5.494823231691721e-08;0.5070938532445919
982;5.5254831824047626e-08;0.5071403189475692
983;5.5254831824047626e-08;0.5071870238234313
984;5.556404102320195e-08;0.5072339674714481
985;5.556404102320195e-08;0.5072811494931277
986;5.587584282343549e-08;0.5073285694922044
987;5.587584282343549e-08;0.5073762270746308
988;5.619022046699113e-08;0.5074241218485721
989;5.619022046699113e-08;0.5074722534243984
990;5.6507157525129555e-08;0.5075206214146677
991;5.6507157525129555e-08;0.5075692254341355
992;5.682663789407633e-08;0.5076180650997293
993;5.682663789407633e-08;0.5076671400305516
994;5.714864579121316e-08;0.5077164498478703
995;5.714864579121316e-08;0.5077659941751045
996;5.7473165751326626e-08;0.5078157726378286
997;5.7473165751326626e-08;0.5078657848637576
998;5.780018262264989e-08;0.5079160304827377
999;5.780018262264989e-08;0.5079665091267425
